255 255 255 255 255 255 255 255 255 255 255 255 255 255 255 255
255 255 255 255 255 255 255 255 255 255 255 255 255 255 255 255
255 255 255 255 255 255 255 255  44 255 255 255 255 255 255 255
255 255 255 255 255  44 142 255  44 109 255 255 255 255 255 255
255 255 255 255 255  44  52 255  44  44 255 255 255 255 255 255
255 255 255 255  89 255  44 255  44 255  44 255 255 255 255 255
255 255 255 255  44 255 255 255 255 255  44 255 255 255 255 255
255 255 255 255 255  44  75  44 255  56 126 255 255 255 255 255
255 255 255 255 255  44 255 255 255  44 250 255 255 255 255 255
255 255 255 255 255 255 255  44 255 255  44 255 255 255 255 255
255 255 255  44 255 255 255 255 255 255 255  44 255 255 255 255
255 255 255  44 255 255 255  44 255 255 255  44 255 255 255 255
255 255 255 255 170 255 255 255 255 255 192 201 255 255 255 255
255 255 255 255 255  44 255 255 255  44  44 255 255 255 255 255
255 255 255 255 255 255 255 255 255 255 255 255 255 255 255 255
255 255 255 255 255 255 255 255 255 255 255 255 255 255 255 255
255 255 255 255 255 255 255 255 255 255 255 255 255 255 255 255
255 255 255 255 255 255 255 255 255 255 255 255 255 255 255 255
255 255 255 255 255 255 255 255  44 255 255 255 255 255 255 255
255 255 255 255 255  44 142 255  44 109 255 255 255 255 255 255
255 255 255 255 255  44  52 255  44  44 255 255 255 255 255 255
255 255 255 255  89 255  44 255  44 255  44 255 255 255 255 255
255 255 255 255  44 255 255 255 255 255  44 255 255 255 255 255
255 255 255 255 255  44  75  44 255  56 126 255 255 255 255 255
255 255 255 255 255  44 255 255 255  44 250 255 255 255 255 255
255 255 255 255 255 255 255  44 255 255  44 255 255 255 255 255
255 255 255  44 255 255 255 255 255 255 255  44 255 255 255 255
255 255 255  44 255 255 255  44 255 255 255  44 255 255 255 255
255 255 255 255 170 255 255 255 255 255 192 201 255 255 255 255
255 255 255 255 255  44 255 255 255  44  44 255 255 255 255 255
255 255 255 255 255 255 255 255 255 255 255 255 255 255 255 255
255 255 255 255 255 255 255 255 255 255 255 255 255 255 255 255
255 255 255 255 255 255 255 255 255 255 255 255 255 255 255 255
255 255 255 255 255 255 255 255 255 255 255 255 255 255 255 255
255 255 255 255 255 255 255 255  44 255 255 255 255 255 255 255
255 255 255 255 255  44 142 255  44 109 255 255 255 255 255 255
255 255 255 255 255  44  52 255  44  44 255 255 255 255 255 255
255 255 255 255  89 255  44 255  44 255  44 255 255 255 255 255
255 255 255 255  44 255 255 255 255 255  44 255 255 255 255 255
255 255 255 255 255  44  75  44 255  56 126 255 255 255 255 255
255 255 255 255 255  44 255 255 255  44 250 255 255 255 255 255
255 255 255 255 255 255 255  44 255 255  44 255 255 255 255 255
255 255 255  44 255 255 255 255 255 255 255  44 255 255 255 255
255 255 255  44 255 255 255  44 255 255 255  44 255 255 255 255
255 255 255 255 170 255 255 255 255 255 192 201 255 255 255 255
255 255 255 255 255  44 255 255 255  44  44 255 255 255 255 255
255 255 255 255 255 255 255 255 255 255 255 255 255 255 255 255
255 255 255 255 255 255 255 255 255 255 255 255 255 255 255 255

255 255 255 255 255 255 255 255 255 255 255 255 255 255 255 255
255 255 255 255 255 255 255 255 255 255 255 255 255 255 255 255
255 255 255 255 255 255 255 255 255 255 255 255 255 255 255 255
255 255 255 255 255 255 255 255 255 255 255 255 255 255 255 255
255 255 255 255 255 255 255 255 255 255  44  44 201 255 255 255
255 255 255 255 255  44  44 126 250  44 255 255 192  44 255 255
255 255 255 109  44 255 255  56  44 255 255 255 255  44 255 255
255 255  44  44  44  44 255 255 255 255 255 255 255 255 255 255
255 255 255 255 255 255 255  44 255  44 255  44 255 255 255 255
255 255 255 142  52  44 255  75 255 255 255 255 255 255 255 255
255 255 255  44  44 255 255  44  44 255 255 255 255  44 255 255
255 255 255 255 255  89  44 255 255 255 255 255 170 255 255 255
255 255 255 255 255 255 255 255 255 255  44  44 255 255 255 255
255 255 255 255 255 255 255 255 255 255 255 255 255 255 255 255
255 255 255 255 255 255 255 255 255 255 255 255 255 255 255 255
255 255 255 255 255 255 255 255 255 255 255 255 255 255 255 255
255 255 255 255 255 255 255 255 255 255 255 255 255 255 255 255
255 255 255 255 255 255 255 255 255 255 255 255 255 255 255 255
255 255 255 255 255 255 255 255 255 255 255 255 255 255 255 255
255 255 255 255 255 255 255 255 255 255 255 255 255 255 255 255
255 255 255 255 255 255 255 255 255 255  44  44 201 255 255 255
255 255 255 255 255  44  44 126 250  44 255 255 192  44 255 255
255 255 255 109  44 255 255  56  44 255 255 255 255  44 255 255
255 255  44  44  44  44 255 255 255 255 255 255 255 255 255 255
255 255 255 255 255 255 255  44 255  44 255  44 255 255 255 255
255 255 255 142  52  44 255  75 255 255 255 255 255 255 255 255
255 255 255  44  44 255 255  44  44 255 255 255 255  44 255 255
255 255 255 255 255  89  44 255 255 255 255 255 170 255 255 255
255 255 255 255 255 255 255 255 255 255  44  44 255 255 255 255
255 255 255 255 255 255 255 255 255 255 255 255 255 255 255 255
255 255 255 255 255 255 255 255 255 255 255 255 255 255 255 255
255 255 255 255 255 255 255 255 255 255 255 255 255 255 255 255
255 255 255 255 255 255 255 255 255 255 255 255 255 255 255 255
255 255 255 255 255 255 255 255 255 255 255 255 255 255 255 255
255 255 255 255 255 255 255 255 255 255 255 255 255 255 255 255
255 255 255 255 255 255 255 255 255 255 255 255 255 255 255 255
255 255 255 255 255 255 255 255 255 255  44  44 201 255 255 255
255 255 255 255 255  44  44 126 250  44 255 255 192  44 255 255
255 255 255 109  44 255 255  56  44 255 255 255 255  44 255 255
255 255  44  44  44  44 255 255 255 255 255 255 255 255 255 255
255 255 255 255 255 255 255  44 255  44 255  44 255 255 255 255
255 255 255 142  52  44 255  75 255 255 255 255 255 255 255 255
255 255 255  44  44 255 255  44  44 255 255 255 255  44 255 255
255 255 255 255 255  89  44 255 255 255 255 255 170 255 255 255
255 255 255 255 255 255 255 255 255 255  44  44 255 255 255 255
255 255 255 255 255 255 255 255 255 255 255 255 255 255 255 255
255 255 255 255 255 255 255 255 255 255 255 255 255 255 255 255
255 255 255 255 255 255 255 255 255 255 255 255 255 255 255 255

255 255 255 255 255 255 255 255 255 255 255 255 255 255 255 255
255 255 255 255 255 255 255 255 255 255 255 255 255 255 255 255
255 255 255 255 255  44  44 255 255 255  44 255 255 255 255 255
255 255 255 255 201 192 255 255 255 255 255 170 255 255 255 255
255 255 255 255  44 255 255 255  44 255 255 255  44 255 255 255
255 255 255 255  44 255 255 255 255 255 255 255  44 255 255 255
255 255 255 255 255  44 255 255  44 255 255 255 255 255 255 255
255 255 255 255 255 250  44 255 255 255  44 255 255 255 255 255
255 255 255 255 255 126  56 255  44  75  44 255 255 255 255 255
255 255 255 255 255  44 255 255 255 255 255  44 255 255 255 255
255 255 255 255 255  44 255  44 255  44 255  89 255 255 255 255
255 255 255 255 255 255  44  44 255  52  44 255 255 255 255 255
255 255 255 255 255 255 109  44 255 142  44 255 255 255 255 255
255 255 255 255 255 255 255  44 255 255 255 255 255 255 255 255
255 255 255 255 255 255 255 255 255 255 255 255 255 255 255 255
255 255 255 255 255 255 255 255 255 255 255 255 255 255 255 255
255 255 255 255 255 255 255 255 255 255 255 255 255 255 255 255
255 255 255 255 255 255 255 255 255 255 255 255 255 255 255 255
255 255 255 255 255  44  44 255 255 255  44 255 255 255 255 255
255 255 255 255 201 192 255 255 255 255 255 170 255 255 255 255
255 255 255 255  44 255 255 255  44 255 255 255  44 255 255 255
255 255 255 255  44 255 255 255 255 255 255 255  44 255 255 255
255 255 255 255 255  44 255 255  44 255 255 255 255 255 255 255
255 255 255 255 255 250  44 255 255 255  44 255 255 255 255 255
255 255 255 255 255 126  56 255  44  75  44 255 255 255 255 255
255 255 255 255 255  44 255 255 255 255 255  44 255 255 255 255
255 255 255 255 255  44 255  44 255  44 255  89 255 255 255 255
255 255 255 255 255 255  44  44 255  52  44 255 255 255 255 255
255 255 255 255 255 255 109  44 255 142  44 255 255 255 255 255
255 255 255 255 255 255 255  44 255 255 255 255 255 255 255 255
255 255 255 255 255 255 255 255 255 255 255 255 255 255 255 255
255 255 255 255 255 255 255 255 255 255 255 255 255 255 255 255
255 255 255 255 255 255 255 255 255 255 255 255 255 255 255 255
255 255 255 255 255 255 255 255 255 255 255 255 255 255 255 255
255 255 255 255 255  44  44 255 255 255  44 255 255 255 255 255
255 255 255 255 201 192 255 255 255 255 255 170 255 255 255 255
255 255 255 255  44 255 255 255  44 255 255 255  44 255 255 255
255 255 255 255  44 255 255 255 255 255 255 255  44 255 255 255
255 255 255 255 255  44 255 255  44 255 255 255 255 255 255 255
255 255 255 255 255 250  44 255 255 255  44 255 255 255 255 255
255 255 255 255 255 126  56 255  44  75  44 255 255 255 255 255
255 255 255 255 255  44 255 255 255 255 255  44 255 255 255 255
255 255 255 255 255  44 255  44 255  44 255  89 255 255 255 255
255 255 255 255 255 255  44  44 255  52  44 255 255 255 255 255
255 255 255 255 255 255 109  44 255 142  44 255 255 255 255 255
255 255 255 255 255 255 255  44 255 255 255 255 255 255 255 255
255 255 255 255 255 255 255 255 255 255 255 255 255 255 255 255
255 255 255 255 255 255 255 255 255 255 255 255 255 255 255 255

255 255 255 255 255 255 255 255 255 255 255 255 255 255 255 255
255 255 255 255 255 255 255 255 255 255 255 255 255 255 255 255
255 255 255 255 255 255 255 255 255 255 255 255 255 255 255 255
255 255 255 255  44  44 255 255 255 255 255 255 255 255 255 255
255 255 255 170 255 255 255 255 255  44  89 255 255 255 255 255
255 255  44 255 255 255 255  44  44 255 255  44  44 255 255 255
255 255 255 255 255 255 255 255  75 255  44  52 142 255 255 255
255 255 255 255  44 255  44 255  44 255 255 255 255 255 255 255
255 255 255 255 255 255 255 255 255 255  44  44  44  44 255 255
255 255  44 255 255 255 255  44  56 255 255  44 109 255 255 255
255 255  44 192 255 255  44 250 126  44  44 255 255 255 255 255
255 255 255 201  44  44 255 255 255 255 255 255 255 255 255 255
255 255 255 255 255 255 255 255 255 255 255 255 255 255 255 255
255 255 255 255 255 255 255 255 255 255 255 255 255 255 255 255
255 255 255 255 255 255 255 255 255 255 255 255 255 255 255 255
255 255 255 255 255 255 255 255 255 255 255 255 255 255 255 255
255 255 255 255 255 255 255 255 255 255 255 255 255 255 255 255
255 255 255 255 255 255 255 255 255 255 255 255 255 255 255 255
255 255 255 255 255 255 255 255 255 255 255 255 255 255 255 255
255 255 255 255  44  44 255 255 255 255 255 255 255 255 255 255
255 255 255 170 255 255 255 255 255  44  89 255 255 255 255 255
255 255  44 255 255 255 255  44  44 255 255  44  44 255 255 255
255 255 255 255 255 255 255 255  75 255  44  52 142 255 255 255
255 255 255 255  44 255  44 255  44 255 255 255 255 255 255 255
255 255 255 255 255 255 255 255 255 255  44  44  44  44 255 255
255 255  44 255 255 255 255  44  56 255 255  44 109 255 255 255
255 255  44 192 255 255  44 250 126  44  44 255 255 255 255 255
255 255 255 201  44  44 255 255 255 255 255 255 255 255 255 255
255 255 255 255 255 255 255 255 255 255 255 255 255 255 255 255
255 255 255 255 255 255 255 255 255 255 255 255 255 255 255 255
255 255 255 255 255 255 255 255 255 255 255 255 255 255 255 255
255 255 255 255 255 255 255 255 255 255 255 255 255 255 255 255
255 255 255 255 255 255 255 255 255 255 255 255 255 255 255 255
255 255 255 255 255 255 255 255 255 255 255 255 255 255 255 255
255 255 255 255 255 255 255 255 255 255 255 255 255 255 255 255
255 255 255 255  44  44 255 255 255 255 255 255 255 255 255 255
255 255 255 170 255 255 255 255 255  44  89 255 255 255 255 255
255 255  44 255 255 255 255  44  44 255 255  44  44 255 255 255
255 255 255 255 255 255 255 255  75 255  44  52 142 255 255 255
255 255 255 255  44 255  44 255  44 255 255 255 255 255 255 255
255 255 255 255 255 255 255 255 255 255  44  44  44  44 255 255
255 255  44 255 255 255 255  44  56 255 255  44 109 255 255 255
255 255  44 192 255 255  44 250 126  44  44 255 255 255 255 255
255 255 255 201  44  44 255 255 255 255 255 255 255 255 255 255
255 255 255 255 255 255 255 255 255 255 255 255 255 255 255 255
255 255 255 255 255 255 255 255 255 255 255 255 255 255 255 255
255 255 255 255 255 255 255 255 255 255 255 255 255 255 255 255
255 255 255 255 255 255 255 255 255 255 255 255 255 255 255 255
